0 0.9696422180790533
1 0.8899051416350467
2 0.816740600235966
3 0.7496068356578661
4 0.6880067455015664
5 0.6314842023206332
6 0.5796206761547753
7 0.5320321354596709
8 0.48836620348568127
9 0.44829954904941116
10 0.41153549237768566
11 0.377801808296034
12 0.34684871049505445
13 0.31844700194884373
14 0.2923863777899796
15 0.26847386807442647
16 0.24653240890557798
17 0.226399531337101
18 0.20792615834635872
19 0.19097550097041446
20 0.17542204543088483
21 0.16115062374765102
22 0.14805556095963973
23 0.13603989263814298
24 0.1250146468986264
25 0.1148981855945761
26 0.10561559981514691
27 0.09709815521048423
28 0.08928278303754254
29 0.08211161315776933
30 0.07553154552866648
31 0.06949385701626767
32 0.06395384061711654
33 0.05887047441830796
34 0.054206117844354494
35 0.049926232941692746
36 0.04599912863703479
37 0.04239572607588842
38 0.039089343303657195
39 0.03605549769495857
40 0.03327172466821694
41 0.030717411343176633
42 0.028373643909624324
43 0.026223067577140182
44 0.02424975806885379
45 0.02243910370765954
46 0.02077769722178146
47 0.019253236468544696
48 0.017854433341246884
49 0.016570930184616632
