0 0.0 0.04391067073918964 2.0888094681167653 1.0 
1 0.0 0.04391067073918964 2.0888094681167653 1.0 
2 0.0 0.04391067073918964 2.0888094681167653 1.0 
3 0.0 0.04391067073918964 2.0888094681167653 1.0 
4 0.0 0.04391067073918964 2.0888094681167653 1.0 
5 0.0 0.04391067073918964 2.0888094681167653 1.0 
6 0.0 0.04391067073918964 2.0888094681167653 1.0 
7 0.0 0.04391067073918964 2.0888094681167653 1.0 
8 0.0 0.04391067073918964 2.0888094681167653 1.0 
9 0.0 0.04391067073918964 2.0888094681167653 1.0 
10 0.0 0.04391067073918964 2.0888094681167653 1.0 
